o
http://www.ppbenchmark.com/v1
http://www.ppbenchmark.com/v3
http://www.ppbenchmark.com/v4
